	RANN			n2p2			meam
11.31692796	-1.136619422		11.13338646	-1.510800478		11.31824678	0.861815582
11.48753206	-1.136619422		11.30122365	-1.510800478		11.48887077	0.861815582
11.65984219	-0.670471483		11.4707392	-1.472289151		11.66120098	0.736929864
11.83386684	-0.022611019		11.64194146	-1.435729121		11.8352459	0.617145217
12.00961449	-0.045560077		11.81483878	-1.401219828		12.01101403	0.502286101
12.18709362	-0.050278662		11.9894395	-1.368850904		12.18851385	0.392183641
12.36631274	-0.065604373		12.16575199	-1.338699975		12.36775385	0.286675616
12.54728032	-0.094751201		12.34378458	-1.310833097		12.54874252	0.185606422
12.73000485	-0.147926321		12.52354563	-1.285305933		12.73148835	0.08882702
12.91449483	-0.21220579		12.70504349	-1.262164136		12.91599982	-0.003805138
13.10075873	-0.280141285		12.8882865	-1.241442667		13.10228543	-0.092426431
13.28880505	-0.348063228		13.07328303	-1.223164013		13.29035366	-0.177168192
13.47864227	-0.414558894		13.26004141	-1.207336442		13.48021301	-0.258157756
13.67027888	-0.47932361		13.44857	-1.193953736		13.67187195	-0.335518744
13.86372338	-0.5423167		13.63887715	-1.182993268		13.86533899	-0.409371162
14.05898424	-0.602419551		13.83097121	-1.174418884		14.06062261	-0.479831503
14.25606995	-0.65968239		14.02486053	-1.168176049		14.25773129	-0.547012842
14.45498901	-0.714385647		14.22055345	-1.164198331		14.45667353	-0.61102493
14.6557499	-0.766663359		14.41805834	-1.162408997		14.65745781	-0.671974284
14.8583611	-0.816579787		14.61738353	-1.162718557		14.86009263	-0.72996428
15.06283111	-0.864179809		14.81853738	-1.165015591		15.06458647	-0.785095233
15.26916842	-0.9095113		15.02152824	-1.16917609		15.27094781	-0.837464487
15.4773815	-0.952632057		15.22636446	-1.175070127		15.47918516	-0.887166496
15.68747885	-0.993611805		15.43305439	-1.182561172		15.689307	-0.934292902
15.89946896	-1.032531608		15.64160637	-1.191507093		15.90132181	-0.978932613
16.11336032	-1.06947827		15.85202877	-1.201761343		16.11523809	-1.02117188
16.3291614	-1.1045335		16.06432992	-1.213174648		16.33106433	-1.061094372
16.54688071	-1.137762787		16.27851819	-1.225592391		16.548809	-1.098781243
16.76652672	-1.169211092		16.49460191	-1.238858499		16.76848061	-1.134311207
16.98810792	-1.198908955		16.71258944	-1.252820911		16.99008764	-1.167760603
17.21163281	-1.226885922		16.93248913	-1.267332328		17.21363857	-1.199203463
17.43710987	-1.253183417		17.15430933	-1.282251208		17.43914191	-1.228711574
17.66454758	-1.27785987		17.37805839	-1.29744115		17.66660613	-1.256354544
17.89395444	-1.300986224		17.60374466	-1.312770082		17.89603972	-1.282199861
18.12533894	-1.322635943		17.83137649	-1.32811344		18.12745118	-1.306312951
18.35870955	-1.342876076		18.06096223	-1.343354743		18.36084899	-1.32875724
18.59407478	-1.361763691		18.29251022	-1.358380579		18.59624164	-1.349594206
18.8314431	-1.37934718		18.52602883	-1.373081552		18.83363763	-1.368883436
19.070823	-1.395668544		18.7615264	-1.387352319		19.07304543	-1.386682682
19.31222298	-1.410755434		18.99901127	-1.401095719		19.31447353	-1.403047905
19.55565151	-1.424597236		19.2384918	-1.414225419		19.55793044	-1.418033334
19.8011171	-1.437234589		19.47997635	-1.426664662		19.80342462	-1.43169151
20.04862821	-1.448701488		19.72347325	-1.4383438		20.05096459	-1.444073336
20.29819335	-1.459022894		19.96899087	-1.449203188		20.30055881	-1.455228124
20.549821	-1.468227964		20.21653754	-1.459191377		20.55221578	-1.465203637
20.80351965	-1.476360542		20.46612162	-1.468266949		20.80594399	-1.474046137
21.05929778	-1.483481461		20.71775146	-1.476398185		21.06175193	-1.481800425
21.31716389	-1.489661231		20.97143542	-1.483564298		21.31964809	-1.488509886
21.57712645	-1.494966535		21.22718183	-1.489755432		21.57964095	-1.494216525
21.83919397	-1.499446963		21.48499905	-1.494971236		21.84173901	-1.498961012
22.10337492	-1.5031281		21.74489543	-1.499217949		22.10595074	-1.502782715
22.3696778	-1.506021493		22.00687932	-1.502509705		22.37228465	-1.50571974
22.63811108	-1.508139634		22.27095908	-1.504865941		22.64074922	-1.50780897
22.90868327	-1.509464177		22.53714304	-1.506312562		22.91135294	-1.509086094
23.18140284	-1.509989414		22.80543956	-1.506879785		23.1841043	-1.509585648
23.45627829	-1.509730656		23.07585699	-1.506602066		23.45901178	-1.509341044
23.7333181	-1.508722386		23.34840368	-1.505517042		23.73608387	-1.508384604
24.01253076	-1.507010874		23.62308799	-1.503659504		24.01532907	-1.506747595
24.29392476	-1.504644629		23.89991825	-1.501063654		24.29675586	-1.504460251
24.57750859	-1.501666126		24.17890282	-1.497766204		24.58037274	-1.501551815
24.86329073	-1.498107109		24.46005005	-1.493805484		24.86618818	-1.498050556
25.15127966	-1.493988117		24.7433683	-1.489220407		25.15421068	-1.493983809
25.44148389	-1.489321422		25.0288659	-1.484049462		25.44444872	-1.489377991
25.7339119	-1.484115706		25.31655122	-1.47832958		25.73691081	-1.484258639
26.02857216	-1.478380687		25.60643259	-1.472094363		26.03160541	-1.478650426
26.32547318	-1.472130352		25.89851838	-1.465372272		26.32854103	-1.472577195
26.62462344	-1.465384135		26.19281692	-1.458186216		26.62772615	-1.466061977
26.92603143	-1.458166142		26.48933658	-1.450553474		26.92916926	-1.45912702
27.22970563	-1.450502949		26.7880857	-1.442485707		27.23287885	-1.451793808
27.53565453	-1.442420794		27.08907263	-1.433984708		27.53886341	-1.444083088
27.84388663	-1.433942933		27.39230571	-1.425045828		27.84713142	-1.436014887
28.1544104	-1.425087769		27.69779331	-1.415659555		28.15769138	-1.42760854
28.46723434	-1.415868098		28.00554377	-1.40581175		28.47055177	-1.418882704
28.78236693	-1.406291568		28.31556544	-1.395483417		28.78572109	-1.409855383
29.09981666	-1.396362251		28.62786668	-1.384649092		29.10320781	-1.400543946
29.41959202	-1.38608311		28.94245582	-1.373279062		29.42302044	-1.390965146
29.74170149	-1.375468534		29.25934122	-1.361342372		29.74516745	-1.381135138
30.06615358	-1.36460154		29.57853124	-1.348807697		30.06965734	-1.371069501
30.39295675	-1.353499336		29.90003421	-1.335643905		30.3964986	-1.36078325
30.7221195	-1.34215478		30.2238585	-1.321821299		30.72569971	-1.350290856
31.05365032	-1.330562721		30.55001245	-1.307312705		31.05726917	-1.339606263
31.38755769	-1.318721222		30.87850441	-1.292094428		31.39121545	-1.328742904
31.72385011	-1.306632393		31.20934273	-1.276147159		31.72754706	-1.317713715
32.06253606	-1.294302825		31.54253576	-1.259456738		32.06627248	-1.306531152
32.40362402	-1.28174368		31.87809185	-1.242015544		32.40740019	-1.295207207
32.74712249	-1.268970492		32.21601936	-1.223823826		32.75093869	-1.283753418
33.09303996	-1.256002742		32.55632662	-1.204890511		33.09689646	-1.272180888
33.4413849	-1.242863278		32.899022	-1.185233834		33.445282	-1.260500294
33.79216581	-1.229577639		33.24411384	-1.164881687		33.7961038	-1.248721905
34.14539118	-1.216173331		33.59161049	-1.143871904		34.14937033	-1.236855592
34.5010695	-1.2026791		33.9415203	-1.122252466		34.50509009	-1.224910838
34.85920924	-1.189124241		34.29385162	-1.10008157		34.86327157	-1.212896758
35.21981891	-1.175537948		34.64861281	-1.077427558		35.22392326	-1.200822102
35.58290698	-1.161948728		35.0058122	-1.054368441		35.58705365	-1.188695272
35.94848195	-1.148383881		35.36545816	-1.03098726		35.95267122	-1.176524331
36.3165523	-1.134860214		35.72755903	-1.007365535		36.32078446	-1.164317013
36.68712652	-1.121394022		36.09212316	-0.983588736		36.69140187	-1.152080736
37.0602131	-1.108008176		36.4591589	-0.959749696		37.06453192	-1.139822611
37.43582052	-1.094724159		36.82867461	-0.935947047		37.44018312	-1.127549451
37.81395728	-1.081561975		37.20067863	-0.912283924		37.81836394	-1.115267782
38.19463186	-1.068540101		37.57517931	-0.888866838		38.19908289	-1.10298385
38.57785275	-1.055675473		37.952185	-0.865804476		38.58234843	-1.090703635
38.96362843	-1.0429835		38.33170405	-0.843206422		38.96816907	-1.078432853
39.3519674	-1.030478098		38.71374481	-0.821181933		39.3565533	-1.06617697
39.74287814	-1.018171746		39.09831564	-0.799839615		39.74750959	-1.053941208
40.13636914	-1.00607555		39.48542488	-0.779285143		40.14104645	-1.041730553
40.53244889	-0.994199318		39.87508088	-0.759618607		40.53717235	-1.029549764
40.93112587	-0.982551649		40.26729199	-0.740932979		40.93589579	-1.017403378
41.33240857	-0.971140012		40.66206657	-0.723312663		41.33722526	-1.005295721
41.73630549	-0.959970847		41.05941296	-0.706832122		41.74116924	-0.993230913
42.1428251	-0.949049648		41.45933951	-0.691554605		42.14773623	-0.981212874
42.5519759	-0.938381064		41.86185457	-0.677530984		42.55693471	-0.969245333
42.96376637	-0.927968988		42.26696649	-0.66479874		42.96877317	-0.957331834
43.37820501	-0.917816649		42.67468363	-0.653381079		43.3832601	-0.945475741
43.79530029	-0.907926706		43.08501433	-0.643286228		43.80040399	-0.933680243
44.21506071	-0.898301333		43.49796694	-0.634506108		44.22021333	-0.921948366
44.63749475	-0.888942306		43.91354982	-0.62701554		44.6426966	-0.910282971
45.06261091	-0.879851084		44.33177131	-0.620775059		45.06786229	-0.898686766
45.49041766	-0.871028892		44.75263976	-0.615729762		45.4957189	-0.887162307
45.9209235	-0.862476789		45.17616352	-0.611809332		45.92627491	-0.875712006
46.35413692	-0.854195742		45.60235094	-0.608930857		46.35953881	-0.864338133
46.7900664	-0.846186689		46.03121038	-0.607008049		46.7955191	-0.853042827
47.22872043	-0.838450595		46.46275018	-0.605947304		47.23422424	-0.841828093
47.6701075	-0.830988505		46.8969787	-0.605645749		47.67566275	-0.830695814
48.11423609	-0.823801587		47.33390427	-0.60599249		48.1198431	-0.819647749
48.5611147	-0.81689117		47.77353526	-0.606870007		48.56677378	-0.808685542
49.01075181	-0.810258773		48.21588002	-0.608155651		49.01646329	-0.797814512
49.4631559	-0.803906126		48.66094688	-0.609723224		49.46892011	-0.787093319
49.91833548	-0.797835184		49.10874421	-0.61144461		49.92415273	-0.776678867
50.37629902	-0.792048134		49.55928035	-0.613191902		50.38216964	-0.766751254
50.83705501	-0.786547394		50.01256366	-0.614844479		50.84297932	-0.757225807
51.30061194	-0.781335602		50.46860247	-0.616289817		51.30659027	-0.747180653
51.76697829	-0.776415608		50.92740515	-0.617421854		51.77301098	-0.736842372
52.23616257	-0.771790451		51.38898005	-0.618142493		52.24224993	-0.726599194
52.70817324	-0.767463333		51.85333551	-0.618363051		52.71431561	-0.716451898
53.18301881	-0.7634376		52.32047988	-0.618005562		53.18921651	-0.706401186
53.66070775	-0.759716702		52.79042151	-0.617003899		53.66696112	-0.696447682
54.14124856	-0.756304167		53.26316876	-0.6153047		54.14755793	-0.686591937
54.62464972	-0.753197899		53.73872997	-0.612867806		54.63101543	-0.676834431
55.11091973	-0.750307123		54.21711349	-0.609662537		55.1173421	-0.667175577
55.60006706	-0.747592796		54.69832768	-0.605668743		55.60654643	-0.657615722
56.09210021	-0.745046446		55.18238088	-0.600882735		56.09863692	-0.648155152
56.58702767	-0.742659407		55.66928145	-0.595311619		56.59362205	-0.638794093
57.08485791	-0.740422845		56.15903773	-0.588973892		57.09151032	-0.629532711
57.58559944	-0.738327783		56.65165807	-0.581900607		57.5923102	-0.620371121
58.08926073	-0.736365121		57.14715083	-0.574134386		58.09603018	-0.611309382
58.59585028	-0.734525658		57.64552435	-0.565729912		58.60267877	-0.602347506
59.10537657	-0.73280012		58.14678698	-0.556755251		59.11226444	-0.593485455
59.61784809	-0.731179169		58.65094708	-0.547287258		59.62479568	-0.584723143
60.13327333	-0.729653436		59.15801299	-0.537409346		60.14028099	-0.576060444
60.65166078	-0.728213527		59.66799306	-0.527209699		60.65872884	-0.567497186
61.17301892	-0.726850052		60.18089565	-0.516779435		61.18014774	-0.559033161
61.69735624	-0.725553635		60.69672911	-0.506210749		61.70454616	-0.550668118
62.22468123	-0.724314934		61.21550177	-0.495595085		62.2319326	-0.542401773
62.75500238	-0.723124656		61.737222	-0.485021378		62.76231555	-0.534233805
63.28832817	-0.721973571		62.26189815	-0.474574393		63.29570349	-0.526163863
63.82466709	-0.720852528		62.78953856	-0.464333126		63.83210492	-0.518191559
64.36402763	-0.719752466		63.32015158	-0.454367147		64.37152832	-0.51031648
64.90641828	-0.718664428		63.85374557	-0.444741418		64.91398217	-0.502538183
65.45184753	-0.717579574		64.39032887	-0.435516701		65.45947498	-0.494856196
66.00032386	-0.71648919		64.92990984	-0.426742979		66.00801523	-0.487270024
66.55185576	-0.715384701		65.47249682	-0.41844768		66.5596114	-0.479779145
67.10645171	-0.714257678		66.01809817	-0.410640583		67.11427198	-0.472383017
67.66412021	-0.71309985		66.56672223	-0.40332102		67.67200548	-0.465081075
68.22486975	-0.711903113		67.11837735	-0.396478386		68.23282036	-0.457872731
68.78870881	-0.710659533		67.67307189	-0.390092765		68.79672512	-0.450757381
69.35564588	-0.70936136		68.23081419	-0.384135715		69.36372826	-0.443734401
69.92568944	-0.708001031		68.79161261	-0.378571193		69.93383825	-0.436803151
70.49884799	-0.706571178		69.35547549	-0.373356595		70.50706359	-0.429962973
71.07513001	-0.705064632		69.92241119	-0.368443877		71.08341277	-0.423213195
71.65454399	-0.703474431		70.49242805	-0.363780719		71.66289427	-0.416553132
72.23709842	-0.701793821		71.06553443	-0.359311726		72.24551659	-0.409982083
72.82280178	-0.700016264		71.64173867	-0.35497961		72.83128821	-0.403499338
73.41166256	-0.698135441		72.22104912	-0.35072634		73.42021762	-0.397104172
74.00368926	-0.696145251		72.80347415	-0.346494247		74.0123133	-0.390795853
74.59889035	-0.694039822		73.38902208	-0.342227037		74.60758376	-0.384573636
75.19727433	-0.691813506		73.97770128	-0.337870721		75.20603747	-0.37843677
75.79884969	-0.689460884		74.5695201	-0.333374438		75.80768293	-0.372384493
76.4036249	-0.68697677		75.16448688	-0.328691195		76.41252863	-0.366416037
77.01160847	-0.684356208		75.76260997	-0.32378293		77.02058304	-0.360530628
77.62280887	-0.681594475		76.36389774	-0.318625471		77.63185467	-0.354727483
78.2372346	-0.678687083		76.96835851	-0.313201718		78.246352	-0.349005816
78.85489413	-0.675629778		77.57600065	-0.30750085		78.86408352	-0.343364835
79.47579597	-0.672418539		78.18683251	-0.301518322		79.48505771	-0.337803745
80.0999486	-0.66904958		78.80086243	-0.295255759		80.10928307	-0.332321745
80.7273605	-0.66551935		79.41809877	-0.28872075		80.73676809	-0.326918032
81.35804016	-0.661824531		80.03854987	-0.281926565		81.36752125	-0.3215918
81.99199608	-0.657962035		80.66222409	-0.274891792		82.00155104	-0.316342243
82.62923673	-0.65392901		81.28912977	-0.267639925		82.63886595	-0.311168549
83.26977061	-0.649722834		81.91927527	-0.260198895		83.27947448	-0.306069908
83.9136062	-0.645341114		82.55266893	-0.252600533		83.9233851	-0.301045509
84.56075199	-0.640781689		83.18931911	-0.244879071		84.57060631	-0.296094539
85.21121648	-0.636042624		83.82923416	-0.237068942		85.22114659	-0.291216187
85.86500814	-0.631122215		84.47242242	-0.229204573		85.87501444	-0.286409641
86.52213546	-0.626018982		85.11889225	-0.221321371		86.53221835	-0.281674089
87.18260694	-0.620731675		85.76865199	-0.213455286		87.19276679	-0.277008723
87.84643105	-0.615259269		86.42171	-0.205642322		87.85666827	-0.272412734
88.5136163	-0.609600963		87.07807462	-0.197918074		88.52393126	-0.267885315
89.18417116	-0.603756186		87.73775421	-0.1903173		89.19456426	-0.263425663
89.85810412	-0.59772459		88.40075712	-0.182873534		89.86857576	-0.259032975
90.53542367	-0.591506056		89.06709169	-0.175618733		90.54597425	-0.254706452
